1300 2.7988E-01 9.8422E+01 0.0
1400 2.7949E-01 9.7676E+01 0.0
1500 2.7908E-01 9.6870E+01 0.0
1600 2.7864E-01 9.6005E+01 0.0
1700 2.7818E-01 9.5082E+01 0.0
1800 2.7770E-01 9.4100E+01 0.0
2600 2.7386E-01 8.5682E+01 0.0
2800 2.7265E-01 8.2824E+01 0.0
3000 2.7141E-01 7.9795E+01 0.0
3200 2.7015E-01 7.6615E+01 0.0
3400 2.6888E-01 7.3307E+01 0.0
3600 2.6761E-01 6.9898E+01 0.0
1300 2.0025E-01 1.5691E+02 0.0
1400 1.9964E-01 1.5478E+02 0.0
1500 1.9899E-01 1.5247E+02 0.0
1600 1.9830E-01 1.4998E+02 0.0
1700 1.9759E-01 1.4732E+02 0.0
1800 1.9686E-01 1.4449E+02 0.0
2600 1.9061E-01 1.1708E+02 0.0
2800 1.8904E-01 1.0935E+02 0.0
3000 1.8751E-01 1.0151E+02 0.0
3200 1.8603E-01 9.3669E+01 0.0
3400 1.8461E-01 8.5941E+01 0.0
3600 1.8325E-01 7.8424E+01 0.0
1300 1.4151E-01 2.2440E+02 0.0
1400 1.4063E-01 2.1819E+02 0.0
1500 1.3972E-01 2.1152E+02 0.0
1600 1.3880E-01 2.0445E+02 0.0
1700 1.3787E-01 1.9701E+02 0.0
1800 1.3694E-01 1.8926E+02 0.0
2600 1.3004E-01 1.2373E+02 0.0
2800 1.2857E-01 1.0845E+02 0.0
3000 1.2722E-01 9.4255E+01 0.0
3200 1.2599E-01 8.1322E+01 0.0
3400 1.2436E-01 6.4417E+01 0.0
3600 1.2340E-01 5.4789E+01 0.0
1300 0.1018280 281.292 0.0
1400 0.1008070 267.468 0.0
1500 0.0997911 252.612 0.0
1600 0.0987921 236.881 0.0
1700 0.0978185 220.486 0.0
1800 0.0968774 203.675 0.0
2600 0.0908461 85.1627 0.0
2800 0.0897517 65.8319 0.0
3000 0.0887971 50.9114 0.0
3200 0.0879657 39.7373 0.0
3400 0.0872417 31.5568 0.0
3600 0.0866104 25.6668 0.0
1300 0.1020000 285.000 0.0
1400 0.1010000 270.000 0.0
1500 0.1000000 255.000 0.0
1600 0.0990000 240.000 0.0
1700 0.0980000 224.000 0.0
1800 0.0970000 205.000 0.0
2600 0.0910000 90.0000 0.0
2800 0.0900000 70.0000 0.0
3000 0.0890000 55.0000 0.0
3200 0.0880000 44.0000 0.0
3400 0.0870000 33.0000 0.0
3600 0.0860000 28.0000 0.0
1300 0.1018280 281.292 0.0
1400 0.1008070 267.468 0.0
1500 0.0997911 252.612 0.0
1600 0.0987921 236.881 0.0
1700 0.0978185 220.486 0.0
1800 0.0968774 203.675 0.0
2600 0.0908461 85.1627 0.0
2800 0.0897517 65.8319 0.0
3000 0.0887971 50.9114 0.0
3200 0.0879657 39.7373 0.0
3400 0.0872417 31.5568 0.0
3600 0.0866104 25.6668 0.0
1300 0.1018280 281.292 0.0
1400 0.1008070 267.468 0.0
1500 0.0997911 252.612 0.0
1600 0.0987921 236.881 0.0
1700 0.0978185 220.486 0.0
1800 0.0968774 203.675 0.0
2600 0.0908461 85.1627 0.0
2800 0.0897517 65.8319 0.0
3000 0.0887971 50.9114 0.0
3200 0.0879657 39.7373 0.0
3400 0.0872417 31.5568 0.0
3600 0.0866104 25.6668 0.0
1300 1.4151E-01 2.2440E+02 0.0
1400 1.4063E-01 2.1819E+02 0.0
1500 1.3972E-01 2.1152E+02 0.0
1600 1.3880E-01 2.0445E+02 0.0
1700 1.3787E-01 1.9701E+02 0.0
1800 1.3694E-01 1.8926E+02 0.0
2600 1.3004E-01 1.2373E+02 0.0
2800 1.2857E-01 1.0845E+02 0.0
3000 1.2722E-01 9.4255E+01 0.0
3200 1.2599E-01 8.1322E+01 0.0
3400 1.2436E-01 6.4417E+01 0.0
3600 1.2340E-01 5.4789E+01 0.0
1300 2.0025E-01 1.5691E+02 0.0
1400 1.9964E-01 1.5478E+02 0.0
1500 1.9899E-01 1.5247E+02 0.0
1600 1.9830E-01 1.4998E+02 0.0
1700 1.9759E-01 1.4732E+02 0.0
1800 1.9686E-01 1.4449E+02 0.0
2600 1.9061E-01 1.1708E+02 0.0
2800 1.8904E-01 1.0935E+02 0.0
3000 1.8751E-01 1.0151E+02 0.0
3200 1.8603E-01 9.3669E+01 0.0
3400 1.8461E-01 8.5941E+01 0.0
3600 1.8325E-01 7.8424E+01 0.0
1300 2.7988E-01 9.8422E+01 0.0
1400 2.7949E-01 9.7676E+01 0.0
1500 2.7908E-01 9.6870E+01 0.0
1600 2.7864E-01 9.6005E+01 0.0
1700 2.7818E-01 9.5082E+01 0.0
1800 2.7770E-01 9.4100E+01 0.0
2600 2.7386E-01 8.5682E+01 0.0
2800 2.7265E-01 8.2824E+01 0.0
3000 2.7141E-01 7.9795E+01 0.0
3200 2.7015E-01 7.6615E+01 0.0
3400 2.6888E-01 7.3307E+01 0.0
3600 2.6761E-01 6.9898E+01 0.0
